-5.0122 -4.93157 0.0332695 0.0336061
-4.95375 -4.78753 1.02096 -0.127842
-5.06872 -5.09358 -0.77274 -2.01529
-5.08946 -5.01847 -0.0737384 0.376912
-4.85977 -5.03352 1.21152 -0.285115
-5.13143 -5.0471 1.67327 -0.405608
-5.0607 -5.09881 1.1047 -0.971749
-4.98413 -4.85818 0.567956 0.515601
-4.88833 -5.14357 0.941005 -0.417904
-5.01348 -4.92539 0.0958485 0.0188441
-5.01578 -4.88978 0.132609 0.126917
-4.90094 -4.90699 -0.741903 2.00478
-4.92242 -4.86547 -0.49468 -0.580189
-4.90849 -5.12412 0.552047 -0.925458
-5.07043 -5.03834 -0.357408 -0.449441
-5.01785 -4.935 0.0540859 0.181384
-5.01735 -4.93673 0.044904 0.275001
-5.02133 -4.94406 0.119247 0.224436
-5.01692 -4.94067 0.139472 0.172627
-5.01744 -4.93385 0.136721 0.178967
-5.0208 -4.9326 0.0900126 0.153346
-5.01972 -4.93004 0.137029 0.108172
-5.01919 -4.93641 0.117956 0.141667
-5.01972 -4.93645 0.212083 0.187716
-5.01947 -4.93437 0.093204 0.208147
-5.01931 -4.93516 0.069283 0.166523
-5.01873 -4.93771 0.121604 0.149582
-5.01997 -4.9381 0.160785 0.209805
-5.01938 -4.94228 0.0531241 0.18428
-5.01871 -4.93969 0.0807729 0.114906
-5.01999 -4.93611 0.131548 0.166016
-5.01999 -4.93614 0.133838 0.166248
-5.01999 -4.93612 0.134144 0.164702
-5.01999 -4.93614 0.133179 0.165144
-5.01999 -4.93614 0.134228 0.163976
-5.01999 -4.93612 0.134845 0.165818
-5.01999 -4.93609 0.133611 0.16549
-5.01999 -4.93613 0.134468 0.166094
-5.01999 -4.93613 0.135465 0.16674
-5.01999 -4.93614 0.131996 0.164974
-5.01999 -4.93611 0.133891 0.165437
-5.01999 -4.9361 0.134535 0.165619
-5.01999 -4.93613 0.132185 0.165557
-5.01999 -4.93613 0.13114 0.164201
-5.01999 -4.93609 0.132931 0.16445
-5.01999 -4.93613 0.133441 0.165292
-5.01999 -4.93613 0.133442 0.165291
-5.01999 -4.93613 0.133442 0.165291
-5.01999 -4.93613 0.133443 0.165292
-5.01999 -4.93613 0.133443 0.165291
-5.01999 -4.93613 0.133442 0.165291
-5.01999 -4.93613 0.133443 0.165291
-5.01999 -4.93613 0.133443 0.165292
-5.01999 -4.93613 0.133442 0.165292
-5.01999 -4.93613 0.133443 0.165292
-5.01999 -4.93613 0.133442 0.165291
-5.01999 -4.93613 0.133443 0.165291
-5.01999 -4.93613 0.133443 0.165292
-5.01999 -4.93613 0.133441 0.165292
-5.01999 -4.93613 0.133443 0.165292
-5.01999 -4.93613 0.133443 0.165291
-5.01999 -4.93613 0.133443 0.165291
-5.01999 -4.93613 0.133443 0.165291
-5.01999 -4.93613 0.133443 0.165291
-5.01999 -4.93613 0.133443 0.165291
-5.01999 -4.93613 0.133443 0.165291
-5.01999 -4.93613 0.133443 0.165291
-5.01999 -4.93613 0.133443 0.165291
-5.01999 -4.93613 0.133443 0.165291
-5.01999 -4.93613 0.133443 0.165291
-5.01999 -4.93613 0.133443 0.165291
-5.01999 -4.93613 0.133443 0.165291
-5.01999 -4.93613 0.133443 0.165291
-5.01999 -4.93613 0.133443 0.165291
-5.01999 -4.93613 0.133443 0.165291
