0.0000 0.0000 0.0000 2.9987 5.9982 3.0043 12.0112 6.9977 7.9979 7.0002 13.9986 11.0098 6.0075 11.0013 12.0026 
3.0000 0.0000 0.0000 2.9987 5.9982 3.0043 12.0112 6.9977 7.9979 7.0002 13.9986 11.0098 6.0075 11.0013 12.0026 
3.0405 0.0100 -0.0036 2.9981 5.9982 3.0040 12.0083 6.9985 8.0013 7.0039 13.9989 11.0040 6.0055 11.0019 12.0011 
6.0405 -0.0007 -0.0036 2.9981 5.9982 3.0040 12.0083 6.9985 8.0013 7.0039 13.9989 11.0040 6.0055 11.0019 12.0011 
6.0134 -0.0134 -0.0055 2.9996 5.9990 3.0030 12.0065 6.9987 8.0023 7.0020 13.9991 11.0027 6.0061 11.0004 12.0034 
9.0133 -0.0299 -0.0055 2.9996 5.9990 3.0030 12.0065 6.9987 8.0023 7.0020 13.9991 11.0027 6.0061 11.0004 12.0034 
9.0316 -0.0327 -0.0026 2.9993 6.0003 3.0023 12.0056 6.9998 8.0021 7.0010 13.9984 11.0037 6.0061 11.0001 12.0038 
12.0316 -0.0405 -0.0026 2.9993 6.0003 3.0023 12.0056 6.9998 8.0021 7.0010 13.9984 11.0037 6.0061 11.0001 12.0038 
12.0328 -0.0357 -0.0092 2.9992 6.0010 3.0040 12.0043 6.9994 8.0029 7.0004 13.9991 11.0030 6.0066 11.0022 12.0013 
15.0326 -0.0632 -0.0092 2.9992 6.0010 3.0040 12.0043 6.9994 8.0029 7.0004 13.9991 11.0030 6.0066 11.0022 12.0013 
15.0236 -0.0639 -0.0132 2.9998 6.0008 3.0028 12.0047 6.9996 8.0027 6.9976 14.0015 11.0033 6.0050 11.0033 12.0003 
16.0236 -0.0772 1.2434 2.9998 6.0008 3.0028 12.0047 6.9996 8.0027 6.9976 14.0015 11.0033 6.0050 11.0033 12.0003 
16.0389 -0.0941 1.2480 3.0005 6.0003 3.0040 12.0039 6.9989 8.0033 6.9951 14.0032 11.0023 6.0060 11.0030 12.0004 
16.9906 2.7510 1.2480 3.0005 6.0003 3.0040 12.0039 6.9989 8.0033 6.9951 14.0032 11.0023 6.0060 11.0030 12.0004 
16.9985 2.7828 1.2447 3.0000 6.0006 3.0052 12.0033 6.9983 8.0035 6.9967 14.0026 11.0030 6.0054 11.0023 12.0009 
17.9595 5.6247 1.2447 3.0000 6.0006 3.0052 12.0033 6.9983 8.0035 6.9967 14.0026 11.0030 6.0054 11.0023 12.0009 
17.9670 5.5964 1.2560 3.0003 6.0000 3.0049 12.0026 6.9988 8.0038 6.9942 14.0035 11.0029 6.0070 11.0005 12.0026 
18.8959 8.4490 1.2560 3.0003 6.0000 3.0049 12.0026 6.9988 8.0038 6.9942 14.0035 11.0029 6.0070 11.0005 12.0026 
18.9207 8.4821 1.2411 3.0011 5.9996 3.0041 12.0021 6.9983 8.0040 6.9928 14.0040 11.0029 6.0081 10.9985 12.0045 
19.8921 11.3205 1.2411 3.0011 5.9996 3.0041 12.0021 6.9983 8.0040 6.9928 14.0040 11.0029 6.0081 10.9985 12.0045 
19.8783 11.3026 1.2496 3.0011 6.0000 3.0042 12.0022 6.9988 8.0040 6.9935 14.0038 11.0025 6.0073 10.9990 12.0041 
20.8255 14.1492 1.2496 3.0011 6.0000 3.0042 12.0022 6.9988 8.0040 6.9935 14.0038 11.0025 6.0073 10.9990 12.0041 
20.8326 14.1682 1.2660 3.0014 6.0004 3.0011 12.0010 6.9989 8.0041 6.9961 14.0042 11.0025 6.0072 10.9990 12.0040 
21.1327 15.1221 2.5226 3.0014 6.0004 3.0011 12.0010 6.9989 8.0041 6.9961 14.0042 11.0025 6.0072 10.9990 12.0040 
21.0938 15.0380 2.5233 3.0017 6.0010 3.0004 12.0007 6.9984 8.0036 6.9970 14.0043 11.0023 6.0068 11.0000 12.0038 
18.6492 16.7769 2.5233 3.0017 6.0010 3.0004 12.0007 6.9984 8.0036 6.9970 14.0043 11.0023 6.0068 11.0000 12.0038 
18.6819 16.7364 2.5228 3.0014 6.0013 3.0012 12.0011 6.9986 8.0036 6.9971 14.0036 11.0019 6.0061 11.0012 12.0033 
16.2381 18.4765 2.5228 3.0014 6.0013 3.0012 12.0011 6.9986 8.0036 6.9971 14.0036 11.0019 6.0061 11.0012 12.0033 
16.1813 18.5272 2.5144 3.0014 6.0004 3.0003 12.0006 6.9989 8.0043 6.9966 14.0043 11.0023 6.0071 10.9996 12.0041 
13.7523 20.2878 2.5144 3.0014 6.0004 3.0003 12.0006 6.9989 8.0043 6.9966 14.0043 11.0023 6.0071 10.9996 12.0041 
13.7389 20.3116 2.5153 3.0017 6.0002 2.9994 12.0003 6.9986 8.0040 6.9954 14.0044 11.0026 6.0085 10.9987 12.0054 
11.3083 22.0700 2.5153 3.0017 6.0002 2.9994 12.0003 6.9986 8.0040 6.9954 14.0044 11.0026 6.0085 10.9987 12.0054 
11.3176 22.0480 2.5202 3.0014 6.0003 2.9998 12.0002 6.9988 8.0048 6.9967 14.0043 11.0024 6.0066 10.9993 12.0047 
8.8784 23.7946 2.5202 3.0014 6.0003 2.9998 12.0002 6.9988 8.0048 6.9967 14.0043 11.0024 6.0066 10.9993 12.0047 
8.8953 23.7879 2.5166 3.0015 6.0004 2.9996 12.0002 6.9988 8.0041 6.9965 14.0046 11.0026 6.0062 10.9987 12.0059 
8.0844 24.3730 3.7732 3.0015 6.0004 2.9996 12.0002 6.9988 8.0041 6.9965 14.0046 11.0026 6.0062 10.9987 12.0059 
7.9808 24.4599 3.7701 3.0015 6.0002 2.9994 12.0004 6.9988 8.0035 6.9962 14.0050 11.0027 6.0063 10.9984 12.0063 
5.5541 22.6961 3.7701 3.0015 6.0002 2.9994 12.0004 6.9988 8.0035 6.9962 14.0050 11.0027 6.0063 10.9984 12.0063 
5.5597 22.6914 3.7537 3.0014 5.9997 2.9997 12.0013 6.9988 8.0034 6.9965 14.0050 11.0027 6.0057 10.9982 12.0064 
3.1045 20.9676 3.7537 3.0014 5.9997 2.9997 12.0013 6.9988 8.0034 6.9965 14.0050 11.0027 6.0057 10.9982 12.0064 
3.0512 20.9389 3.7502 3.0015 6.0000 2.9990 12.0004 6.9989 8.0034 6.9957 14.0052 11.0031 6.0062 10.9978 12.0071 
0.5900 19.2236 3.7502 3.0015 6.0000 2.9990 12.0004 6.9989 8.0034 6.9957 14.0052 11.0031 6.0062 10.9978 12.0071 
0.5488 19.1977 3.7549 3.0016 5.9999 2.9986 12.0003 6.9989 8.0034 6.9952 14.0052 11.0031 6.0067 10.9976 12.0074 
-1.9044 17.4709 3.7549 3.0016 5.9999 2.9986 12.0003 6.9989 8.0034 6.9952 14.0052 11.0031 6.0067 10.9976 12.0074 
-1.9157 17.4782 3.7577 3.0019 5.9995 2.9976 12.0001 6.9989 8.0036 6.9942 14.0054 11.0031 6.0075 10.9973 12.0081 
-4.3640 15.7445 3.7577 3.0019 5.9995 2.9976 12.0001 6.9989 8.0036 6.9942 14.0054 11.0031 6.0075 10.9973 12.0081 
-4.3923 15.7313 3.7513 3.0019 5.9994 2.9976 11.9998 6.9987 8.0039 6.9935 14.0056 11.0032 6.0078 10.9972 12.0084 
-5.2122 15.1587 5.0079 3.0019 5.9994 2.9976 11.9998 6.9987 8.0039 6.9935 14.0056 11.0032 6.0078 10.9972 12.0084 
-5.2012 15.1488 5.0133 3.0019 5.9995 2.9977 11.9999 6.9989 8.0037 6.9940 14.0055 11.0026 6.0078 10.9977 12.0081 
-4.3119 12.2837 5.0133 3.0019 5.9995 2.9977 11.9999 6.9989 8.0037 6.9940 14.0055 11.0026 6.0078 10.9977 12.0081 
-4.3334 12.3015 5.0163 3.0023 5.9991 2.9976 11.9996 6.9985 8.0041 6.9928 14.0057 11.0025 6.0086 10.9971 12.0089 
-3.4356 9.4390 5.0163 3.0023 5.9991 2.9976 11.9996 6.9985 8.0041 6.9928 14.0057 11.0025 6.0086 10.9971 12.0089 
-3.4139 9.4303 5.0003 3.0021 5.9998 2.9985 12.0001 6.9982 8.0038 6.9941 14.0051 11.0026 6.0074 10.9983 12.0078 
-2.5621 6.5537 5.0003 3.0021 5.9998 2.9985 12.0001 6.9982 8.0038 6.9941 14.0051 11.0026 6.0074 10.9983 12.0078 
-2.5648 6.5670 5.0002 3.0020 5.9996 2.9986 12.0003 6.9983 8.0037 6.9942 14.0050 11.0024 6.0074 10.9986 12.0078 
-1.7133 3.6904 5.0002 3.0020 5.9996 2.9986 12.0003 6.9983 8.0037 6.9942 14.0050 11.0024 6.0074 10.9986 12.0078 
-1.6857 3.5764 4.9757 3.0021 5.9993 2.9982 12.0001 6.9984 8.0040 6.9933 14.0049 11.0022 6.0078 10.9986 12.0086 
-0.9050 0.6798 4.9757 3.0021 5.9993 2.9982 12.0001 6.9984 8.0040 6.9933 14.0049 11.0022 6.0078 10.9986 12.0086 
-0.9014 0.6288 4.9892 3.0024 5.9993 2.9977 12.0001 6.9986 8.0043 6.9925 14.0048 11.0023 6.0083 10.9979 12.0088 
