6100.0
6110.0
0.29071067331982814
0.002
6810.0
4700.0
1.0393330383086758
0.002
6050.0
4760.0
0.26977529255609506
0.002
1110.0
4320.0
1.4777466339820846
0.002
2260.0
4320.0
2.684903069779092
0.002
5800.0
5710.0
2.7371433179530484
0.002
5870.0
4370.0
-0.889031093405311
0.002
5810.0
3930.0
1.9055170394240726
0.002
6820.0
4420.0
1.7035746457481658
0.002
6870.0
6340.0
0.5693160895821084
0.002
6040.0
5980.0
-0.2896228517691053
0.002
2970.0
3980.0
1.8801207490660061
0.002
4610.0
3820.0
2.5779772635389935
0.002
3870.0
3880.0
1.2290838370050734
0.002
3790.0
4380.0
-0.884004485681233
0.002
4310.0
4530.0
1.2633330220119885
0.002
5850.0
4100.0
0.020630219402348486
0.002
5420.0
4000.0
-1.4937860610181857
0.002
3390.0
3930.0
-1.066808821911502
0.002
7200.0
5090.0
-2.619826803846798
0.002
6660.0
5590.0
-0.7328594460739535
0.002
6300.0
5550.0
-1.3279519929489145
0.002
5860.0
6220.0
0.2962609208407554
0.002
2600.0
4270.0
-2.8008094779968986
0.002
7000.0
3990.0
-0.15798606495850953
0.002
3910.0
5020.0
0.047633010212954546
0.002
5440.0
3970.0
-0.9876323277902056
0.002
5710.0
3830.0
1.927907018017351
0.002
5010.0
3790.0
-1.0167890548844185
0.002
3050.0
4210.0
2.9420389095209516
0.002
7220.0
4720.0
0.592875987256155
0.002
4330.0
4860.0
-2.010912737416146
0.002
5650.0
4540.0
2.5404829617520504
0.002
1980.0
4040.0
0.7427409918793038
0.002
3930.0
4440.0
1.1414817131348423
0.002
4070.0
4230.0
-3.010379458577463
0.002
5970.0
5560.0
1.9719524186313349
0.002
3830.0
3860.0
1.7057160300156147
0.002
1910.0
4330.0
0.41404791489910037
0.002
2310.0
4300.0
0.8248876616692065
0.002
5700.0
5580.0
-1.4444746134603021
0.002
6970.0
4820.0
-2.9205399093480158
0.002
5910.0
4470.0
-2.6148931455674838
0.002
3380.0
3920.0
-1.9428069647918857
0.002
6270.0
4740.0
-0.16277400956365223
0.002
6270.0
5510.0
-2.2941188610111793
0.002
2830.0
3970.0
2.1299768923699856
0.002
2860.0
4280.0
-1.4364220394199585
0.002
6940.0
5500.0
-2.9491381232606257
0.002
2650.0
4020.0
0.05243001278665008
0.002
4300.0
4430.0
0.41189166531483423
0.002
7320.0
5980.0
1.2949930507117335
0.002
3730.0
4160.0
2.7968928417790817
0.002
4290.0
4660.0
-1.0170245843764578
0.002
5860.0
4080.0
-0.8089745234836475
0.002
3870.0
4360.0
0.09837299096357682
0.002
3940.0
4450.0
-1.9584373232317134
0.002
4920.0
4060.0
-1.007534413488473
0.002
6850.0
5530.0
-1.4713028397151224
0.002
4090.0
4190.0
3.0374571288843124
0.002
5340.0
4030.0
-1.5612623085369284
0.002
6950.0
4180.0
0.090917299983743
0.002
5400.0
4020.0
-2.2317249196091966
0.002
3200.0
3950.0
0.04624069436806947
0.002
3790.0
4440.0
0.5741522739115567
0.002
5650.0
4540.0
1.8187981760960925
0.002
4260.0
4510.0
-1.0756355256967614
0.002
6960.0
4010.0
0.2969527555678907
0.002
5610.0
4260.0
0.27230316572061464
0.002
2960.0
4250.0
3.0362907719205032
0.002
5500.0
3770.0
0.7489317758224471
0.002
6630.0
6740.0
2.362239587450729
0.002
3840.0
5000.0
2.0982440980317913
0.002
5580.0
4020.0
0.24328008497295903
0.002
7250.0
5520.0
3.09253092523798
0.002
7240.0
5480.0
1.742599249936281
0.002
5670.0
5000.0
0.8405916564640279
0.002
1140.0
4320.0
0.12874678831040806
0.002
6820.0
4710.0
1.5630906541981013
0.002
6160.0
5490.0
1.2880081211579097
0.002
1350.0
4070.0
0.3058032313016138
0.002
1720.0
4350.0
-1.5298673103425728
0.002
7100.0
5970.0
0.04170199497078324
0.002
7270.0
5950.0
2.580499172080103
0.002
6440.0
5510.0
1.0024760401130843
0.002
4170.0
4740.0
2.434120458961325
0.002
1900.0
4330.0
0.39883698477373175
0.002
2800.0
4280.0
-0.5811435396050127
0.002
3530.0
3900.0
1.8234999551830324
0.002
2030.0
4340.0
2.0383268322787713
0.002
5730.0
5700.0
-1.9620564749564369
0.002
6320.0
4740.0
-0.755002771808331
0.002
820.0
4390.0
-0.37930044165281585
0.002
4220.0
4310.0
-0.09791599760953529
0.002
2120.0
4370.0
-0.17358196115583813
0.002
5850.0
6190.0
-0.802381481290453
0.002
2320.0
4300.0
-2.642491874065577
0.002
6110.0
4750.0
0.7081450042960499
0.002
6190.0
5520.0
1.8716808118957302
0.002
6880.0
4080.0
0.9761549175668254
0.002
6120.0
5490.0
2.1321538878944457
0.002
6050.0
4470.0
-0.6887398093729374
0.002
5930.0
6370.0
-1.0706471131385629
0.002
2930.0
3960.0
0.017224106828481803
0.002
7380.0
5730.0
0.12002582157993227
0.002
2730.0
4010.0
-0.6727356776207954
0.002
3730.0
3860.0
0.4376237873553367
0.002
2170.0
4340.0
-0.3646284005846736
0.002
3900.0
4380.0
0.9208411021136116
0.002
4080.0
4160.0
-1.3730432098966168
0.002
5990.0
4780.0
2.5184879055843403
0.002
4270.0
4510.0
-2.370097126049547
0.002
7080.0
4140.0
-1.8739349109239114
0.002
5710.0
3840.0
-3.123853156672102
0.002
2440.0
4020.0
0.09326230155379914
0.002
1070.0
4090.0
-0.9346486684236922
0.002
6890.0
4230.0
-2.2856357783011685
0.002
5040.0
4030.0
1.9079139356804806
0.002
1360.0
4390.0
1.1673214206732354
0.002
5470.0
3740.0
-2.068572906419697
0.002
6040.0
5560.0
2.5650226917908494
0.002
2540.0
4290.0
1.6088179295023028
0.002
3370.0
3930.0
-1.7850884946026102
0.002
6880.0
4100.0
-2.87284654642542
0.002
6220.0
4750.0
0.8598825019464964
0.002
1220.0
4380.0
2.484535002829672
0.002
1840.0
4320.0
-2.5855234381777916
0.002
960.0
4120.0
-2.2498986116609276
0.002
6390.0
5560.0
2.1544053139256754
0.002
2280.0
4030.0
1.9396963914553964
0.002
3570.0
3890.0
-2.7265418628112648
0.002
3670.0
3910.0
-1.338275654570145
0.002
5450.0
3980.0
-3.022271365166164
0.002
7390.0
5920.0
-1.105339292861567
0.002
5450.0
6070.0
1.1426329969529652
0.002
990.0
4130.0
2.349770211471365
0.002
1600.0
4380.0
2.305466240057642
0.002
6250.0
6090.0
-1.5200628941956151
0.002
4970.0
4050.0
2.6048311827814343
0.002
5840.0
4030.0
-0.25701267789806526
0.002
4120.0
4780.0
-2.5056860465229787
0.002
3910.0
4410.0
-1.1994397372264503
0.002
5900.0
6320.0
1.8005633161857444
0.002
3690.0
4460.0
3.1309167138146736
0.002
5570.0
4110.0
-0.7770324509418169
0.002
1640.0
4330.0
0.9819078713510178
0.002
7190.0
4510.0
-1.3773439247954273
0.002
4860.0
4040.0
0.7672821508166755
0.002
780.0
4140.0
0.07987680954785856
0.002
2090.0
4040.0
0.3799496629772205
0.002
3830.0
4860.0
1.7419174312341659
0.002
5520.0
3690.0
1.253881443929413
0.002
1680.0
4090.0
0.7768121110442243
0.002
3800.0
4160.0
2.3415040696320806
0.002
3470.0
4210.0
1.4329138098246466
0.002
5710.0
3660.0
0.6376496843315302
0.002
5120.0
3760.0
0.4061031938358664
0.002
3170.0
3950.0
-0.8960348046843086
0.002
1160.0
3980.0
-0.3827121012671956
0.002
3840.0
4150.0
-0.9884223757722695
0.002
4160.0
4220.0
2.5467624838334952
0.002
1930.0
4060.0
2.09344828603269
0.002
4090.0
4190.0
0.8397452575308424
0.002
3920.0
4260.0
-1.3250257057154884
0.002
5960.0
4800.0
-2.1150830256411486
0.002
7350.0
4910.0
-0.41030416788285484
0.002
2820.0
4310.0
-1.0738706878974824
0.002
2060.0
4050.0
0.21482964482917896
0.002
2510.0
4280.0
0.7996925445891885
0.002
7080.0
5960.0
0.6517129018468845
0.002
4060.0
4940.0
-0.28067241741945925
0.002
4280.0
3850.0
2.178017459966484
0.002
4300.0
4530.0
1.5686551281106287
0.002
6990.0
4000.0
-0.443533581190715
0.002
5620.0
4250.0
-0.3548858874961591
0.002
6910.0
4390.0
-1.3341224694526497
0.002
2200.0
4050.0
2.0110036126558035
0.002
5720.0
5390.0
0.4178201696528572
0.002
5120.0
4080.0
1.1187345023142239
0.002
7090.0
4190.0
0.008658186330287601
0.002
5660.0
3720.0
1.0418584568891016
0.002
4060.0
4240.0
-0.19412989726417929
0.002
6050.0
4750.0
0.3879182392104539
0.002
7120.0
4270.0
-2.1392367162495565
0.002
5960.0
4760.0
-1.8554494322228743
0.002
3180.0
3950.0
-2.735766203490686
0.002
1040.0
4120.0
2.6778103621690525
0.002
5880.0
4190.0
-1.5904097226814458
0.002
5710.0
5480.0
-1.623828132842087
0.002
2260.0
4050.0
-2.1577611265021326
0.002
4150.0
4760.0
-0.49144305739848654
0.002
5910.0
4920.0
0.06953687292098001
0.002
4320.0
4390.0
-0.590867470900515
0.002
6100.0
4780.0
2.2585105060218176
0.002
1880.0
4040.0
-1.5893150145118649
0.002
3930.0
4720.0
2.9649183367359293
0.002
7210.0
4990.0
-1.6024775108061138
0.002
3870.0
4230.0
1.3943613602314793
0.002
3830.0
4270.0
-0.7009720692302133
0.002
750.0
4380.0
-0.397586951782223
0.002
1680.0
4060.0
-0.7750486582113724
0.002
6960.0
5520.0
-2.7665679348957846
0.002
2640.0
4010.0
-1.1883733093625701
0.002
4880.0
4040.0
-0.9609486740322761
0.002
6160.0
5820.0
-2.070314957389603
0.002
6350.0
6720.0
-0.16754327330807628
0.002
2450.0
4010.0
-0.012404799472750562
0.002
5130.0
4100.0
-0.7790744148404853
0.002
5530.0
3660.0
0.19133863360453512
0.002
2470.0
4020.0
2.11478875597504
0.002
6270.0
4460.0
-1.6953118738012876
0.002
6370.0
4470.0
-1.8947464588453027
0.002
5800.0
3740.0
-2.3243060753955476
0.002
5590.0
3680.0
2.4028147894192613
0.002
1940.0
4340.0
1.2979499681684834
0.002
5880.0
6310.0
3.1275958341200973
0.002
3660.0
3900.0
-0.09666841879213606
0.002
6480.0
5520.0
-1.615174023327102
0.002
7410.0
5740.0
2.3795669381302087
0.002
6890.0
4080.0
-2.579222397700288
0.002
5850.0
3950.0
2.358866806842661
0.002
4260.0
4320.0
1.175768644049746
0.002
4310.0
4560.0
2.0675800102064286
0.002
6490.0
6730.0
0.69487043701
0.002
5850.0
4300.0
1.1652866390478906
0.002
5750.0
5160.0
1.8624774329559306
0.002
7250.0
5480.0
3.046485371045491
0.002
5870.0
4310.0
-0.4970970318626689
0.002
6300.0
6140.0
1.3321616704410075
0.002
6990.0
4900.0
-1.3350869918925141
0.002
990.0
4110.0
-2.906260373233277
0.002
7230.0
5650.0
-2.4391970830118423
0.002
1830.0
4080.0
0.1938142368658108
0.002
7300.0
5740.0
-2.0289047408377106
0.002
5650.0
4830.0
2.4475020622422368
0.002
7000.0
4780.0
0.2343048100179659
0.002
6230.0
5930.0
1.6622645344738698
0.002
5660.0
4740.0
-0.3483938927119221
0.002
6780.0
5510.0
2.4110620885570784
0.002
1210.0
4190.0
-1.0040158213994228
0.002
3870.0
4210.0
2.595192866874558
0.002
3210.0
3940.0
-0.4960058727116472
0.002
4340.0
4900.0
1.2000550758000164
0.002
5130.0
3770.0
-2.4779530572930977
0.002
6960.0
5010.0
-1.739233298938417
0.002
5880.0
4270.0
2.334285559349853
0.002
5800.0
5750.0
0.827370523129232
0.002
3770.0
4340.0
0.90519618085817
0.002
1230.0
4190.0
-0.7293688874489245
0.002
6900.0
6060.0
-0.8279923230816797
0.002
1930.0
4060.0
0.3206247166413204
0.002
3900.0
4410.0
-0.6504924895086849
0.002
5720.0
3660.0
2.119399468665855
0.002
1960.0
4350.0
1.4462450697472158
0.002
1360.0
4360.0
-1.7774348310207357
0.002
6940.0
5460.0
0.09654257071042173
0.002
2520.0
4290.0
-0.6820391927907546
0.002
7160.0
4620.0
2.146470212103581
0.002
7010.0
4860.0
-1.8389743892579347
0.002
6390.0
5570.0
-2.7451236787311815
0.002
7250.0
5650.0
-2.952298362892023
0.002
4290.0
4420.0
-1.1889345897206398
0.002
6310.0
6080.0
-0.557355727312607
0.002
1060.0
4100.0
-1.407685074137572
0.002
4290.0
4900.0
-1.557112520930383
0.002
3090.0
4240.0
-2.5157602920229354
0.002
3460.0
3930.0
-1.7201465890299763
0.002
7250.0
5490.0
0.4249090507925969
0.002
4500.0
3830.0
0.5184447883843586
0.002
1370.0
4360.0
-1.3512981608234889
0.002
6980.0
6000.0
1.4817655803647467
0.002
3710.0
4560.0
-2.9649148015306523
0.002
5580.0
4200.0
1.313665838454624
0.002
5670.0
3650.0
0.05702454338013939
0.002
4980.0
3780.0
-1.6453220338306866
0.002
3900.0
4390.0
0.3367485156918908
0.002
7260.0
5500.0
2.378401794651989
0.002
5120.0
4070.0
2.3559484730682785
0.002
4330.0
4430.0
-0.8185221524593324
0.002
1970.0
4330.0
-0.6060327318424864
0.002
7230.0
4970.0
-2.655084755921308
0.002
3730.0
4550.0
-2.2670936191849678
0.002
6380.0
4710.0
-1.1045816733007487
0.002
5950.0
4780.0
-1.8393417197827
0.002
3020.0
4220.0
-1.7736281727430148
0.002
7220.0
5530.0
-2.634688478452836
0.002
3860.0
4160.0
1.2594736888649147
0.002
1610.0
4080.0
-2.7649018849005573
0.002
7230.0
5490.0
-2.491603372028912
0.002
5750.0
5400.0
-2.705299848366521
0.002
4420.0
3830.0
2.3185478532042345
0.002
1280.0
4390.0
3.058737247683037
0.002
5730.0
5780.0
1.1349750164359773
0.002
5860.0
4380.0
1.5494772626996898
0.002
3780.0
4450.0
-1.2523768010898746
0.002
1240.0
4100.0
-0.735021208899841
0.002
6370.0
4720.0
1.5781762575722436
0.002
2490.0
4300.0
0.9100716571046841
0.002
5660.0
4780.0
0.3632184659979145
0.002
5790.0
3700.0
-2.9563753571177718
0.002
2920.0
4230.0
-0.09720402681302825
0.002
6010.0
4770.0
1.4934412701753166
0.002
6960.0
4840.0
2.8971754972509403
0.002
1970.0
4320.0
-0.28800591814919924
0.002
4080.0
4240.0
-1.9302580057207777
0.002
5530.0
3710.0
1.2106228141593376
0.002
7070.0
4530.0
1.7590235283678355
0.002
6730.0
4690.0
-2.696908188234662
0.002
6260.0
6070.0
1.1601781492369359
0.002
3790.0
3890.0
2.015293340607354
0.002
6070.0
5540.0
2.9970074776384896
0.002
2220.0
4350.0
-2.885357213695901
0.002
5730.0
5570.0
-1.2203786396852403
0.002
2960.0
4250.0
2.147275663539746
0.002
6820.0
4410.0
0.013076921469132839
0.002
7180.0
5940.0
2.0636677062408237
0.002
5790.0
3690.0
-0.22177442990617288
0.002
5840.0
3850.0
-3.004336120155542
0.002
6820.0
6800.0
-2.05846943121823
0.002
3310.0
3930.0
-2.1634021373601096
0.002
2540.0
4300.0
2.9994877889835294
0.002
6230.0
6450.0
0.3424460738376399
0.002
6730.0
4690.0
1.2244262620458526
0.002
3760.0
4450.0
0.09702420084284846
0.002
5730.0
5790.0
-2.41126293821455
0.002
5710.0
5330.0
-1.5942171084245076
0.002
5630.0
3660.0
-2.1950610240163635
0.002
2900.0
3970.0
0.7303960448316175
0.002
5450.0
4010.0
-0.10771236425662939
0.002
3910.0
4210.0
-1.2823890948238656
0.002
2190.0
4030.0
0.8592648538295026
0.002
7040.0
3980.0
-0.3012816136544099
0.002
6190.0
5950.0
-2.3126810301884912
0.002
2400.0
4290.0
1.9360725334127302
0.002
7220.0
5910.0
3.0393594883136763
0.002
7140.0
4290.0
-3.070461034047023
0.002
5620.0
4810.0
-2.273708249097359
0.002
960.0
4130.0
-0.5009505283295345
0.002
3710.0
4600.0
2.36008216932569
0.002
5050.0
3800.0
0.9209669091775969
0.002
3280.0
3920.0
0.8282060044536897
0.002
5710.0
3870.0
-1.7541392701136043
0.002
6220.0
5890.0
3.1099572029539537
0.002
2290.0
4050.0
0.34715665888342634
0.002
4300.0
4310.0
-1.0595194534159533
0.002
5100.0
3750.0
2.2504940063195256
0.002
3880.0
4800.0
-1.2150991135600404
0.002
4190.0
4950.0
1.3025792310379105
0.002
6100.0
6350.0
0.6539595534113828
0.002
6620.0
5580.0
-2.2162025481684755
0.002
2420.0
4300.0
-0.30662934733277686
0.002
5870.0
6250.0
-0.1673520908767621
0.002
1080.0
4100.0
2.5736822856629322
0.002
3200.0
3950.0
0.18988613060121404
0.002
1060.0
4090.0
1.3790215070321756
0.002
5240.0
3780.0
0.22157509405638004
0.002
7600.0
4900.0
-2.0514315550480227
0.002
7240.0
5230.0
1.8899476933522816
0.002
4040.0
4240.0
2.2624599903917586
0.002
5360.0
6080.0
2.023887398820035
0.002
6940.0
4740.0
1.4923983872880346
0.002
6880.0
5510.0
0.6475908898331014
0.002
6240.0
6850.0
-1.3623303045572603
0.002
3820.0
4150.0
2.6886717392246355
0.002
6120.0
5530.0
-1.1883170746551464
0.002
5710.0
3870.0
-1.1174450761904364
0.002
5780.0
3650.0
-2.0928389841571096
0.002
3350.0
3930.0
3.138831776475462
0.002
7190.0
4390.0
-2.795596531303693
0.002
1500.0
4390.0
-1.6634583138858974
0.002
6720.0
4430.0
1.6872577742240447
0.002
3710.0
4130.0
-0.008718954416302573
0.002
6970.0
5150.0
-2.7292617848698497
0.002
4900.0
3790.0
1.4976245709182294
0.002
5820.0
6070.0
-0.23363027490611024
0.002
4250.0
4510.0
0.9314476942602057
0.002
4950.0
3790.0
-2.8963045210026026
0.002
5390.0
3800.0
-1.0284770912387478
0.002
7390.0
5720.0
2.270949983287816
0.002
3650.0
4160.0
-1.9829130606962482
0.002
4220.0
4280.0
0.2615620412383205
0.002
7240.0
5570.0
-2.9485224264250145
0.002
5840.0
3900.0
2.212665236007844
0.002
6630.0
6730.0
-1.932771433593412
0.002
3650.0
3910.0
1.3854563698449054
0.002
3880.0
4980.0
-2.62336161948113
0.002
4840.0
3780.0
1.191097217089967
0.002
5840.0
6230.0
-2.657437580162274
0.002
6960.0
5060.0
-0.3611668936744561
0.002
3780.0
4440.0
0.6723913285976985
0.002
4990.0
3780.0
2.4003789037725065
0.002
3830.0
5020.0
2.421262596880096
0.002
1460.0
4420.0
-2.349494825271413
0.002
5740.0
5790.0
-0.027184515869880774
0.002
5730.0
5550.0
1.099830988866365
0.002
6970.0
4750.0
-0.8324663854902163
0.002
7170.0
5940.0
-2.5878428206327913
0.002
4330.0
4910.0
-2.6246523200883827
0.002
3280.0
4190.0
-0.563970608072284
0.002
7000.0
5990.0
2.957156810084171
0.002
6850.0
4420.0
-1.913623187499087
0.002
5670.0
5000.0
-1.2580921119519837
0.002
5870.0
4040.0
-2.933864661893561
0.002
6980.0
4110.0
2.159956628450931
0.002
6480.0
6740.0
-0.9575145027640509
0.002
6200.0
6120.0
1.4300871115522724
0.002
1220.0
4380.0
3.0194417672804983
0.002
4260.0
4930.0
-0.746796377008443
0.002
6460.0
6750.0
1.1374588764035756
0.002
6940.0
4090.0
0.1196365491360186
0.002
3100.0
4210.0
1.0291095093991993
0.002
4230.0
4520.0
0.7852079502355008
0.002
1190.0
4300.0
2.8107122362421357
0.002
5810.0
3780.0
-1.6115874929071632
0.002
2110.0
4370.0
1.164089265113053
0.002
2720.0
4310.0
-1.1544576059348202
0.002
1680.0
4080.0
2.2462456658769474
0.002
2500.0
4300.0
2.3780841450641828
0.002
3730.0
4530.0
2.0729105275777258
0.002
4970.0
3780.0
0.9526842767375869
0.002
6270.0
6670.0
-2.554267921752764
0.002
5900.0
4390.0
0.9821022707691721
0.002
7210.0
4700.0
-2.357499940195431
0.002
6060.0
6080.0
-2.855750652436447
0.002
5850.0
4270.0
-0.2523733777884296
0.002
5660.0
3840.0
-3.1157279972147767
0.002
1690.0
4360.0
2.367003477588061
0.002
1980.0
4330.0
2.4034022175779914
0.002
5720.0
5510.0
-1.2641307963086628
0.002
5850.0
6230.0
-2.378579754017722
0.002
3500.0
4180.0
-0.4847594413837891
0.002
5010.0
3790.0
-0.6951367150512492
0.002
7110.0
5990.0
2.0626770758299533
0.002
3720.0
4160.0
1.279587906313138
0.002
1940.0
4340.0
-1.0400580293633763
0.002
7170.0
4610.0
-2.0533426596070194
0.002
5420.0
3730.0
1.4002666628362754
0.002
6260.0
6040.0
-1.5929857328641122
0.002
5060.0
3780.0
-1.1118176239177662
0.002
6970.0
4790.0
0.15791082024589959
0.002
4070.0
4770.0
1.6756606154291576
0.002
6090.0
4500.0
-1.672112849978386
0.002
4900.0
3810.0
-2.860806132760635
0.002
3810.0
3890.0
-0.4444570055685269
0.002
7230.0
5250.0
-1.7486564780940472
0.002
4990.0
4050.0
-1.761833652435848
0.002
6180.0
6340.0
-2.017822354298937
0.002
6900.0
4390.0
-2.7990046620028095
0.002
3920.0
4990.0
-2.401533593935472
0.002
5240.0
4080.0
-0.4349363390945449
0.002
6350.0
4730.0
-0.17328102802745696
0.002
4060.0
4190.0
2.131658223391821
0.002
5710.0
6040.0
1.0075587495652425
0.002
6920.0
4240.0
0.2887043861664128
0.002
1200.0
4310.0
-2.1753504951983405
0.002
6190.0
6330.0
0.9721007606665825
0.002
4260.0
4320.0
0.1571002700636921
0.002
5620.0
4750.0
2.4631816910519624
0.002
7200.0
5060.0
-2.4768820282143427
0.002
4050.0
4260.0
1.8734014741617813
0.002
6610.0
6730.0
2.300571700812818
0.002
6960.0
4780.0
0.3418191606246598
0.002
3330.0
3930.0
-2.0585625969762122
0.002
6900.0
4240.0
-2.443148921356604
0.002
7150.0
4270.0
-1.3523754561163714
0.002
7320.0
5960.0
-2.7739670978280695
0.002
7190.0
4930.0
1.8988853555785015
0.002
4080.0
4770.0
0.19628110136922544
0.002
2750.0
4320.0
2.480178036163123
0.002
2210.0
4030.0
-2.879748123717674
0.002
1950.0
4060.0
-2.4834520104158044
0.002
5590.0
4230.0
-2.498824631341192
0.002
4270.0
4690.0
0.6067874493864399
0.002
7230.0
5050.0
-2.8732478039908376
0.002
6900.0
4180.0
-2.404100861753039
0.002
5860.0
4250.0
-0.49105628461963213
0.002
5740.0
5710.0
-2.865301440851998
0.002
6210.0
5870.0
-0.19879727240084036
0.002
3540.0
3880.0
-1.0753317702083685
0.002
5180.0
4070.0
1.7033083628877914
0.002
7230.0
5170.0
2.4529591229372376
0.002
1390.0
4360.0
-0.6509387833731979
0.002
4530.0
3830.0
-2.8365943600949097
0.002
5450.0
4010.0
0.8363135268462967
0.002
6110.0
4470.0
-1.3720979652492515
0.002
7300.0
5700.0
-3.0589659970138934
0.002
6120.0
5520.0
-1.921383861240606
0.002
5540.0
3990.0
2.370009353968941
0.002
5840.0
4000.0
-1.561351449211198
0.002
4320.0
4690.0
1.2478425384608525
0.002
6250.0
5510.0
-1.6452334286380825
0.002
4840.0
3810.0
1.8500097168123442
0.002
7250.0
5440.0
-0.2930058874620607
0.002
3570.0
4180.0
0.1684556766498675
0.002
5620.0
4770.0
-3.080883262467164
0.002
5680.0
4990.0
-2.0347195480905325
0.002
1740.0
4340.0
-1.4291033252378207
0.002
3040.0
4240.0
2.368479789365222
0.002
4080.0
4180.0
0.10355601052825285
0.002
3770.0
4350.0
-1.268004368622512
0.002
